31936410
31936410
17666212
14269060
18244958
18244958
7828578
21883421
13423088
18432257
21120624
13974277
7681993
27384790
25628492
12567145
10357733
35017543
13423625
5771609
13424359
23454309
18531800
22798528
14845679
17486033
94852116
18212431
25022759

17291392

25166165
28129013
12686458
29558828
27408957
30448633
18333826
34818197
10949130
7374111
5193093
20795803
33319839
17345534
20046924
13891976
10584276
30772751
10079069
30281561
30728732
5193056
21706892
22211265
16602820
14172448
